12 208
12 207
13 207
14 207
15 207
16 207
17 207
18 207
19 207
20 207
21 207
22 207
23 207
24 207
25 207
26 207
27 207
28 207
29 207
30 207
31 207
32 207
33 207
34 207
35 207
36 207
37 207
38 207
39 207
40 207
41 207
42 207
43 207
44 207
45 207
46 207
47 207
48 207
49 207
50 207
51 207
52 207
53 207
54 207
55 207
56 207
57 207
58 207
59 207
60 207
61 207
62 207
63 207
64 207
65 207
66 207
67 207
68 207
69 207
70 207
71 207
72 207
73 207
74 207
75 207
76 207
77 207
78 207
79 207
80 207
81 207
82 207
83 207
84 207
85 207
86 207
87 207
88 207
89 207
90 207
91 207
92 207
93 207
94 207
95 207
96 207
97 207
98 207
99 207
100 207
101 207
102 207
103 207
104 207
105 207
106 207
107 207
108 207
109 207
110 207
111 207
112 207
113 207
114 207
115 207
116 207
117 207
118 207
119 207
120 207
121 207
122 207
123 207
124 207
125 207
126 207
127 207
128 207
129 207
130 207
131 207
132 207
133 207
134 207
135 207
136 207
137 207
138 207
139 207
140 207
141 207
142 207
143 207
144 207
145 207
146 207
147 207
148 207
149 207
150 207
151 207
152 207
153 207
154 207
155 207
156 207
157 207
158 207
159 207
160 207
161 207
162 207
163 207
164 207
165 207
166 207
167 207
168 207
169 207
170 207
171 207
172 207
173 207
174 207
175 207
176 207
177 207
178 207
179 207
180 207
181 207
182 207
183 207
184 207
185 207
186 207
187 207
188 207
189 207
190 207
191 207
192 207
193 207
194 207
195 207
196 207
197 207
197 206
197 205
197 204
197 203
197 202
197 201
197 200
197 199
197 198
197 197
197 196
197 195
197 194
197 193
197 192
197 191
197 190
197 189
197 188
197 187
197 186
197 185
197 184
197 183
197 182
197 181
197 180
197 179
197 178
197 177
197 176
197 175
197 174
197 173
197 172
197 171
197 170
197 169
197 168
197 167
197 166
197 165
197 164
197 163
197 162
197 161
197 160
197 159
197 158
197 157
197 156
197 155
197 154
197 153
197 152
197 151
197 150
197 149
197 148
197 147
197 146
197 145
197 144
197 143
197 142
197 141
197 140
197 139
197 138
197 137
197 136
197 135
197 134
197 133
197 132
197 131
197 130
197 129
197 128
197 127
197 126
197 125
197 124
197 123
197 122
197 121
197 120
197 119
197 118
197 117
197 116
197 115
197 114
197 113
197 112
197 111
197 110
197 109
197 108
197 107
197 106
196 106
195 106
194 106
193 106
192 106
191 106
190 106
189 106
188 106
187 106
186 106
185 106
184 106
183 106
182 106
181 106
180 106
179 106
178 106
178 105
